00000000000000011111111111111111111000011111111000
00000000000111111111111111111111111111111111111100
00000000000111111111111111111111111111111111111100
00000001111111111111111111111111111111111111111100
00000011111111111111111111111111111111111111111100
00000011111111111111111111111111111111111111111100
00000111111111111111000000000011111111111111111100
00011111111111111110000000000001111111111111111110
00111111111111110000000000000000001111111111111110
00111111111111100000000000000000000111111111111110
01111111111111000000000000000000000001111111111110
01111111111110000000000000000000000000111111111110
01111111111100000000000000000000000000111111111110
01111111111100000000000000000000000000111111111110
01111111111100000000000000000000000000011111111100
01111111111100000000000000000000000000001111111000
01111111111110000000000000000000000000000001100000
01111111111110000000000000000000000000000000000000
01111111111111110000000000000000000000000000000000
01111111111111111111000000000000000000000000000000
00111111111111111111100000000000000000000000000000
00011111111111111111111111111111110000000000000000
00001111111111111111111111111111111111110000000000
00000111111111111111111111111111111111110000000000
00000111111111111111111111111111111111111111000000
00000001111111111111111111111111111111111111110000
00000000000111111111111111111111111111111111111000
00000000000011111111111111111111111111111111111100
00000000000000001111111111111111111111111111111100
00000000000000000000000000000011111111111111111110
00000000000000000000000000000001111111111111111111
00000000000000000000000000000000000001111111111111
00000000000000000000000000000000000000111111111111
11111111000000000000000000000000000000011111111111
11111111100000000000000000000000000000011111111111
11111111100000000000000000000000000000000111111111
11111111110000000000000000000000000000000111111111
11111111111000000000000000000000000000001111111111
11111111111100000000000000000000000000011111111111
11111111111110000000000000000000000000011111111111
11111111111111000000000000000000000000011111111111
11111111111111000000000000000000000000111111111111
11111111111111111000000000000000001111111111111111
11111111111111111000000000000000001111111111111110
11111111111111111111111111111111111111111111111100
11111111111111111111111111111111111111111111111000
11111111111111111111111111111111111111111111100000
11111111111111111111111111111111111111111111000000
11111111111111111111111111111111111111111111000000
11111111111111111111111111111111111111110000000000
